1	91	1
1	274	1
1	279	1
2	91	1
2	274	1
3	90	1
3	229	1
3	280	1
3	368	1
4	90	1
4	169	1
4	230	1
4	368	1
5	90	1
5	169	1
5	230	1
5	285	1
5	368	1
6	90	1
6	169	1
6	285	1
6	368	1
7	169	1
7	285	1
7	354	1
8	169	1
8	284	1
8	285	1
8	360	1
8	397	1
9	168	1
9	169	1
9	284	1
9	362	1
9	363	1
9	366	1
10	168	1
10	284	1
10	363	1
10	396	1
11	168	1
11	284	1
11	359	1
11	393	1
12	168	1
12	284	1
12	470	1
13	88	1
13	168	1
13	285	1
13	470	1
14	85	1
14	88	1
14	168	1
14	285	1
14	471	1
15	85	1
15	88	1
15	168	1
15	268	1
15	269	1
15	285	1
15	472	1
16	85	1
16	89	1
16	168	1
16	231	1
16	269	1
16	270	1
16	285	1
16	352	1
16	473	1
17	84	1
17	89	1
17	90	1
17	168	1
17	231	1
17	285	1
17	351	1
17	473	1
18	168	1
18	232	1
18	285	1
18	353	1
19	87	1
19	168	1
19	264	1
19	285	1
19	473	1
19	476	1
20	86	1
20	168	1
20	264	1
20	285	1
20	476	1
21	83	1
21	86	1
21	167	1
21	264	1
21	285	1
21	477	1
21	478	1
21	479	1
21	480	1
22	86	1
22	167	1
22	264	1
22	273	1
22	285	1
23	86	1
23	167	1
23	264	1
23	274	1
23	285	1
24	86	1
24	167	1
24	264	1
24	274	1
24	285	1
24	471	1
24	472	1
25	166	1
25	264	1
25	274	1
25	285	1
26	165	1
26	166	1
26	264	1
26	274	1
26	285	1
27	162	1
27	165	1
27	264	1
27	274	1
27	285	1
28	160	1
28	161	1
28	162	1
28	264	1
28	274	1
28	285	1
29	158	1
29	159	1
29	259	1
29	260	1
29	261	1
29	262	1
29	263	1
29	264	1
29	274	1
29	285	1
30	257	1
30	258	1
30	264	1
30	274	1
30	285	1
31	264	1
31	274	1
31	285	1
32	264	1
32	274	1
32	280	1
32	285	1
33	152	1
33	264	1
33	274	1
33	280	1
33	285	1
34	151	1
34	152	1
34	264	1
34	274	1
34	280	1
34	285	1
35	133	1
35	135	1
35	136	1
35	137	1
35	151	1
35	264	1
35	280	1
35	285	1
36	130	1
36	131	1
36	132	1
36	133	1
36	151	1
36	264	1
36	280	1
36	286	1
37	150	1
37	264	1
37	280	1
37	286	1
38	144	1
38	145	1
38	150	1
38	264	1
38	280	1
38	286	1
39	104	1
39	139	1
39	141	1
39	142	1
39	143	1
39	146	1
39	149	1
39	264	1
39	270	1
39	280	1
39	285	1
40	136	1
40	137	1
40	138	1
40	140	1
40	263	1
40	270	1
40	280	1
40	285	1
41	106	1
41	129	1
41	130	1
41	131	1
41	132	1
41	133	1
41	134	1
41	135	1
41	263	1
41	270	1
41	280	1
41	285	1
41	368	1
42	106	1
42	124	1
42	125	1
42	126	1
42	127	1
42	128	1
42	129	1
42	130	1
42	143	1
42	263	1
42	270	1
42	280	1
42	285	1
42	366	1
42	367	1
42	369	1
43	106	1
43	114	1
43	115	1
43	119	1
43	120	1
43	121	1
43	122	1
43	123	1
43	138	1
43	255	1
43	256	1
43	257	1
43	263	1
43	270	1
43	280	1
43	285	1
44	107	1
44	115	1
44	116	1
44	117	1
44	118	1
44	254	1
44	255	1
44	258	1
44	259	1
44	260	1
44	261	1
44	262	1
44	263	1
44	264	1
44	270	1
44	286	1
44	354	1
45	107	1
45	252	1
45	253	1
45	270	1
45	285	1
45	353	1
45	367	1
46	107	1
46	251	1
46	270	1
46	285	1
47	106	1
47	250	1
47	270	1
47	360	1
48	107	1
48	111	1
48	112	1
48	142	1
48	249	1
48	255	1
48	270	1
48	286	1
48	360	1
48	361	1
48	362	1
48	363	1
49	107	1
49	137	1
49	138	1
49	139	1
49	140	1
49	141	1
49	142	1
49	249	1
49	254	1
49	270	1
49	286	1
49	363	1
50	107	1
50	134	1
50	135	1
50	136	1
50	253	1
50	254	1
50	270	1
50	286	1
50	361	1
50	364	1
50	368	1
51	107	1
51	251	1
51	252	1
51	271	1
51	285	1
51	361	1
51	368	1
52	106	1
52	120	1
52	250	1
52	251	1
52	271	1
52	285	1
52	361	1
52	362	1
52	363	1
52	368	1
53	106	1
53	115	1
53	116	1
53	117	1
53	118	1
53	119	1
53	140	1
53	141	1
53	148	1
53	248	1
53	249	1
53	250	1
53	271	1
53	285	1
53	361	1
53	364	1
53	365	1
54	107	1
54	108	1
54	113	1
54	114	1
54	133	1
54	134	1
54	135	1
54	136	1
54	137	1
54	138	1
54	139	1
54	144	1
54	148	1
54	271	1
54	285	1
54	360	1
54	365	1
54	366	1
55	108	1
55	110	1
55	111	1
55	127	1
55	128	1
55	129	1
55	130	1
55	131	1
55	132	1
55	271	1
55	367	1
56	108	1
56	122	1
56	123	1
56	124	1
56	125	1
56	126	1
56	271	1
56	285	1
56	286	1
56	368	1
56	477	1
57	107	1
57	108	1
57	118	1
57	119	1
57	120	1
57	121	1
57	271	1
57	286	1
57	368	1
57	477	1
58	107	1
58	112	1
58	270	1
58	271	1
58	286	1
58	357	1
58	360	1
58	368	1
58	477	1
59	106	1
59	286	1
59	360	1
59	366	1
59	478	1
60	106	1
60	112	1
60	286	1
60	366	1
60	370	1
60	371	1
60	397	1
60	478	1
61	106	1
61	111	1
61	112	1
61	286	1
61	356	1
61	361	1
61	365	1
61	370	1
61	371	1
61	478	1
62	78	1
62	106	1
62	112	1
62	286	1
62	356	1
62	370	1
63	78	1
63	105	1
63	113	1
63	270	1
63	286	1
63	356	1
64	77	1
64	105	1
64	114	1
64	270	1
64	286	1
64	356	1
65	77	1
65	105	1
65	114	1
65	270	1
65	286	1
65	356	1
66	77	1
66	105	1
66	114	1
66	135	1
66	136	1
66	137	1
66	138	1
66	139	1
66	140	1
66	141	1
66	286	1
67	77	1
67	105	1
67	114	1
67	133	1
67	134	1
67	135	1
67	266	1
67	287	1
67	336	1
68	76	1
68	113	1
68	114	1
68	238	1
68	266	1
68	287	1
68	337	1
68	376	1
69	76	1
69	104	1
69	111	1
69	112	1
69	113	1
69	238	1
69	266	1
69	287	1
69	337	1
69	376	1
70	75	1
70	102	1
70	103	1
70	104	1
70	105	1
70	106	1
70	107	1
70	108	1
70	109	1
70	110	1
70	237	1
70	238	1
70	266	1
70	287	1
70	335	1
70	337	1
70	338	1
70	376	1
71	65	1
71	102	1
71	106	1
71	238	1
71	266	1
71	287	1
71	335	1
71	337	1
71	338	1
71	376	1
72	65	1
72	238	1
72	266	1
72	287	1
72	334	1
72	335	1
72	337	1
72	340	1
72	341	1
72	377	1
73	64	1
73	238	1
73	266	1
73	287	1
73	334	1
73	340	1
73	377	1
74	64	1
74	237	1
74	266	1
74	287	1
74	335	1
74	340	1
74	377	1
75	64	1
75	235	1
75	236	1
75	265	1
75	286	1
75	287	1
75	335	1
75	340	1
75	377	1
76	4	1
76	64	1
76	221	1
76	235	1
76	265	1
76	287	1
76	335	1
76	340	1
76	377	1
77	3	1
77	64	1
77	236	1
77	265	1
77	286	1
77	287	1
77	335	1
77	341	1
78	3	1
78	64	1
78	265	1
78	287	1
78	336	1
78	341	1
79	3	1
79	64	1
79	216	1
79	218	1
79	264	1
79	265	1
79	287	1
79	336	1
79	341	1
80	3	1
80	216	1
80	219	1
80	264	1
80	287	1
80	336	1
80	341	1
81	3	1
81	264	1
81	287	1
81	336	1
81	341	1
82	3	1
82	216	1
82	219	1
82	220	1
82	264	1
82	287	1
82	336	1
82	341	1
83	3	1
83	216	1
83	221	1
83	264	1
83	287	1
83	336	1
83	342	1
84	3	1
84	216	1
84	222	1
84	223	1
84	263	1
84	287	1
84	336	1
84	342	1
84	379	1
85	3	1
85	216	1
85	263	1
85	287	1
85	335	1
85	336	1
85	341	1
85	342	1
86	3	1
86	129	1
86	130	1
86	216	1
86	224	1
86	263	1
86	271	1
86	272	1
86	273	1
86	287	1
86	335	1
86	336	1
86	371	1
86	372	1
87	3	1
87	129	1
87	130	1
87	216	1
87	227	1
87	262	1
87	263	1
87	266	1
87	267	1
87	268	1
87	269	1
87	270	1
87	271	1
87	287	1
87	336	1
87	372	1
88	3	1
88	128	1
88	131	1
88	216	1
88	227	1
88	228	1
88	272	1
88	287	1
88	336	1
88	342	1
88	343	1
88	372	1
89	3	1
89	216	1
89	217	1
89	228	1
89	229	1
89	287	1
89	336	1
89	372	1
90	217	1
90	230	1
90	231	1
90	273	1
90	287	1
90	336	1
90	372	1
91	218	1
91	231	1
91	232	1
91	273	1
91	287	1
91	336	1
91	337	1
92	96	1
92	233	1
92	273	1
92	287	1
92	337	1
93	120	1
93	125	1
93	234	1
93	235	1
93	272	1
93	287	1
93	337	1
94	118	1
94	119	1
94	120	1
94	121	1
94	235	1
94	236	1
94	287	1
94	337	1
95	111	1
95	112	1
95	113	1
95	114	1
95	115	1
95	116	1
95	117	1
95	237	1
95	287	1
95	337	1
96	105	1
96	106	1
96	107	1
96	108	1
96	109	1
96	110	1
96	238	1
96	239	1
96	247	1
96	248	1
96	249	1
96	250	1
96	251	1
96	252	1
96	253	1
96	287	1
96	337	1
97	240	1
97	241	1
97	242	1
97	243	1
97	244	1
97	245	1
97	246	1
97	287	1
97	337	1
98	288	1
98	337	1
99	288	1
99	337	1
99	373	1
100	287	1
100	288	1
100	338	1
100	373	1
100	386	1
101	260	1
101	262	1
101	263	1
101	264	1
101	265	1
101	288	1
101	338	1
101	373	1
102	252	1
102	253	1
102	254	1
102	255	1
102	256	1
102	257	1
102	258	1
102	259	1
102	260	1
102	288	1
102	338	1
102	373	1
102	374	1
102	375	1
102	376	1
102	377	1
103	246	1
103	247	1
103	248	1
103	249	1
103	250	1
103	251	1
103	252	1
103	288	1
103	338	1
103	373	1
104	239	1
104	240	1
104	241	1
104	242	1
104	243	1
104	244	1
104	245	1
104	288	1
104	338	1
105	233	1
105	234	1
105	235	1
105	236	1
105	237	1
105	238	1
105	267	1
105	288	1
105	338	1
106	225	1
106	226	1
106	227	1
106	228	1
106	229	1
106	230	1
106	231	1
106	232	1
106	256	1
106	259	1
106	260	1
106	261	1
106	262	1
106	263	1
106	264	1
106	265	1
106	266	1
106	267	1
106	268	1
106	269	1
106	288	1
106	338	1
107	103	1
107	104	1
107	217	1
107	218	1
107	219	1
107	220	1
107	221	1
107	222	1
107	223	1
107	288	1
107	338	1
108	124	1
108	127	1
108	211	1
108	212	1
108	213	1
108	214	1
108	215	1
108	216	1
108	217	1
108	243	1
108	244	1
108	245	1
108	246	1
108	247	1
108	248	1
108	288	1
108	338	1
109	127	1
109	210	1
109	211	1
109	238	1
109	239	1
109	240	1
109	241	1
109	242	1
109	288	1
109	338	1
110	127	1
110	210	1
110	288	1
110	338	1
111	127	1
111	209	1
111	288	1
111	338	1
112	127	1
112	209	1
112	288	1
112	339	1
113	127	1
113	210	1
113	339	1
114	211	1
114	339	1
115	212	1
115	339	1
116	339	1
117	96	1
117	339	1
118	96	1
118	288	1
118	339	1
119	96	1
119	289	1
119	339	1
120	95	1
120	105	1
120	289	1
120	339	1
120	345	1
121	95	1
121	106	1
121	289	1
121	339	1
121	345	1
121	389	1
122	95	1
122	106	1
122	107	1
122	289	1
122	339	1
122	345	1
122	389	1
123	95	1
123	106	1
123	252	1
123	253	1
123	254	1
123	256	1
123	257	1
123	289	1
123	339	1
123	345	1
123	388	1
123	389	1
124	95	1
124	96	1
124	245	1
124	246	1
124	247	1
124	248	1
124	249	1
124	250	1
124	251	1
124	255	1
124	289	1
124	339	1
124	340	1
124	345	1
124	387	1
124	388	1
125	95	1
125	96	1
125	108	1
125	109	1
125	110	1
125	111	1
125	112	1
125	238	1
125	239	1
125	240	1
125	241	1
125	242	1
125	243	1
125	244	1
125	289	1
125	340	1
125	345	1
126	108	1
126	227	1
126	228	1
126	229	1
126	230	1
126	231	1
126	233	1
126	234	1
126	235	1
126	236	1
126	237	1
126	289	1
126	340	1
126	345	1
127	217	1
127	218	1
127	219	1
127	220	1
127	221	1
127	222	1
127	223	1
127	224	1
127	225	1
127	226	1
127	232	1
127	254	1
127	255	1
127	256	1
127	257	1
127	258	1
127	259	1
127	260	1
127	261	1
127	262	1
127	263	1
127	289	1
127	340	1
127	345	1
128	217	1
128	218	1
128	245	1
128	246	1
128	247	1
128	248	1
128	249	1
128	250	1
128	251	1
128	252	1
128	253	1
128	289	1
128	340	1
129	238	1
129	239	1
129	240	1
129	241	1
129	242	1
129	243	1
129	244	1
129	289	1
129	290	1
129	340	1
130	232	1
130	233	1
130	234	1
130	235	1
130	236	1
130	237	1
130	289	1
130	290	1
130	340	1
130	408	1
130	411	1
131	223	1
131	224	1
131	225	1
131	229	1
131	230	1
131	231	1
131	289	1
131	290	1
131	340	1
131	343	1
131	407	1
131	408	1
131	410	1
132	290	1
132	291	1
132	343	1
132	407	1
132	410	1
133	291	1
133	343	1
134	343	1
134	388	1
134	389	1
134	390	1
134	391	1
135	341	1
135	342	1
135	381	1
135	382	1
135	383	1
135	384	1
135	385	1
135	386	1
135	387	1
136	369	1
136	370	1
136	371	1
136	372	1
136	373	1
136	374	1
136	375	1
136	376	1
136	377	1
136	378	1
136	379	1
136	380	1
137	360	1
137	361	1
137	362	1
137	363	1
137	364	1
137	365	1
137	366	1
137	367	1
137	368	1
138	349	1
138	350	1
138	353	1
138	354	1
138	355	1
138	356	1
138	357	1
138	358	1
138	359	1
139	407	1
139	408	1
139	409	1
140	404	1
140	405	1
140	406	1
141	400	1
141	401	1
141	403	1
141	404	1
141	474	1
141	475	1
141	476	1
141	477	1
141	478	1
142	402	1
142	471	1
142	472	1
142	473	1
142	474	1
143	336	1
143	403	1
144	336	1
144	403	1
145	337	1
145	402	1
145	403	1
145	426	1
145	427	1
145	428	1
145	429	1
145	430	1
146	337	1
146	401	1
146	403	1
146	412	1
146	413	1
146	414	1
146	415	1
146	416	1
146	417	1
146	418	1
146	419	1
146	420	1
146	421	1
146	422	1
146	423	1
146	424	1
146	425	1
147	247	1
147	253	1
147	254	1
147	255	1
147	256	1
147	337	1
147	339	1
147	400	1
147	404	1
147	407	1
147	408	1
147	409	1
147	410	1
147	411	1
148	248	1
148	251	1
148	252	1
148	253	1
148	308	1
148	309	1
148	335	1
148	399	1
148	405	1
148	406	1
149	247	1
149	309	1
149	336	1
149	394	1
149	395	1
149	396	1
149	397	1
149	398	1
150	310	1
150	311	1
150	312	1
150	313	1
150	392	1
150	393	1
152	250	1
152	251	1
152	274	1
153	255	1
153	274	1
153	303	1
154	255	1
154	274	1
154	304	1
154	305	1
155	274	1
155	305	1
155	306	1
156	232	1
156	274	1
156	307	1
157	229	1
157	232	1
157	233	1
157	274	1
158	234	1
158	246	1
158	274	1
158	340	1
158	473	1
159	246	1
159	274	1
159	386	1
159	472	1
160	246	1
160	320	1
160	322	1
160	385	1
160	471	1
160	472	1
161	246	1
161	311	1
161	312	1
161	313	1
161	314	1
161	315	1
161	316	1
161	317	1
161	318	1
161	385	1
161	470	1
161	471	1
162	246	1
162	296	1
162	297	1
162	298	1
162	299	1
162	300	1
162	301	1
162	302	1
162	303	1
162	304	1
162	305	1
162	306	1
162	307	1
162	308	1
162	309	1
162	310	1
162	385	1
162	469	1
162	470	1
163	237	1
163	238	1
163	246	1
163	250	1
163	290	1
163	291	1
163	292	1
163	293	1
163	294	1
163	295	1
163	384	1
163	468	1
163	469	1
164	237	1
164	246	1
164	283	1
164	289	1
164	290	1
164	384	1
164	460	1
164	467	1
164	468	1
165	229	1
165	237	1
165	245	1
165	246	1
165	247	1
165	249	1
165	250	1
165	251	1
165	252	1
165	253	1
165	254	1
165	255	1
165	256	1
165	257	1
165	283	1
165	289	1
165	383	1
165	460	1
165	467	1
166	227	1
166	228	1
166	236	1
166	237	1
166	247	1
166	248	1
166	251	1
166	282	1
166	289	1
166	383	1
166	459	1
166	466	1
167	227	1
167	282	1
167	288	1
167	382	1
167	383	1
167	458	1
167	459	1
167	465	1
168	227	1
168	281	1
168	288	1
168	382	1
168	458	1
168	464	1
168	465	1
169	230	1
169	231	1
169	281	1
169	288	1
169	457	1
169	464	1
170	281	1
170	288	1
170	456	1
170	457	1
170	463	1
171	281	1
171	288	1
171	456	1
171	462	1
171	463	1
172	281	1
172	287	1
172	299	1
172	455	1
172	456	1
172	461	1
172	462	1
173	281	1
173	287	1
173	299	1
173	380	1
173	405	1
173	406	1
173	407	1
173	408	1
173	409	1
173	410	1
173	455	1
173	461	1
174	287	1
174	299	1
174	380	1
174	404	1
174	411	1
174	454	1
174	460	1
175	281	1
175	287	1
175	299	1
175	300	1
175	380	1
175	402	1
175	403	1
175	454	1
175	460	1
176	281	1
176	287	1
176	300	1
176	379	1
176	402	1
176	453	1
176	459	1
177	287	1
177	300	1
177	379	1
177	399	1
177	401	1
177	406	1
177	407	1
177	408	1
177	409	1
177	453	1
177	458	1
178	280	1
178	286	1
178	300	1
178	378	1
178	388	1
178	398	1
178	401	1
178	406	1
178	408	1
178	452	1
178	457	1
178	458	1
179	280	1
179	286	1
179	300	1
179	378	1
179	388	1
179	396	1
179	397	1
179	457	1
180	280	1
180	286	1
180	300	1
180	378	1
180	388	1
180	396	1
180	401	1
180	456	1
181	280	1
181	286	1
181	300	1
181	378	1
181	387	1
181	401	1
181	456	1
182	280	1
182	285	1
182	300	1
182	370	1
182	371	1
182	372	1
182	373	1
182	374	1
182	378	1
182	387	1
182	457	1
183	280	1
183	285	1
183	300	1
183	365	1
183	366	1
183	367	1
183	368	1
183	369	1
183	370	1
183	378	1
183	381	1
183	382	1
183	457	1
184	280	1
184	300	1
184	356	1
184	357	1
184	358	1
184	359	1
184	360	1
184	361	1
184	362	1
184	363	1
184	364	1
184	378	1
184	381	1
184	387	1
184	390	1
184	391	1
184	457	1
185	279	1
185	300	1
185	349	1
185	350	1
185	351	1
185	352	1
185	353	1
185	354	1
185	355	1
185	378	1
185	386	1
185	387	1
185	388	1
185	389	1
185	390	1
185	456	1
186	279	1
186	300	1
186	338	1
186	339	1
186	340	1
186	341	1
186	342	1
186	343	1
186	344	1
186	345	1
186	346	1
186	347	1
186	348	1
186	369	1
186	378	1
186	385	1
186	455	1
186	456	1
187	279	1
187	284	1
187	300	1
187	328	1
187	329	1
187	330	1
187	331	1
187	332	1
187	335	1
187	336	1
187	337	1
187	369	1
187	370	1
187	376	1
187	384	1
187	454	1
187	455	1
188	300	1
188	321	1
188	322	1
188	323	1
188	324	1
188	325	1
188	326	1
188	327	1
188	364	1
188	365	1
188	368	1
188	369	1
188	384	1
188	454	1
189	284	1
189	300	1
189	318	1
189	319	1
189	320	1
189	384	1
189	453	1
190	284	1
190	300	1
190	373	1
190	374	1
190	375	1
190	377	1
190	378	1
190	384	1
190	452	1
190	453	1
191	284	1
191	367	1
191	368	1
191	369	1
191	370	1
191	371	1
191	372	1
191	375	1
191	384	1
191	429	1
191	430	1
191	431	1
191	432	1
191	433	1
191	434	1
191	440	1
191	441	1
191	442	1
191	443	1
191	452	1
192	104	1
192	105	1
192	106	1
192	107	1
192	108	1
192	109	1
192	110	1
192	111	1
192	112	1
192	113	1
192	266	1
192	267	1
192	284	1
192	331	1
192	332	1
192	333	1
192	336	1
192	337	1
192	360	1
192	361	1
192	362	1
192	363	1
192	364	1
192	365	1
192	366	1
192	384	1
192	433	1
192	443	1
192	444	1
192	448	1
192	449	1
192	450	1
192	451	1
193	103	1
193	283	1
193	329	1
193	330	1
193	349	1
193	350	1
193	351	1
193	352	1
193	353	1
193	354	1
193	355	1
193	356	1
193	357	1
193	358	1
193	359	1
193	378	1
193	379	1
193	380	1
193	381	1
193	382	1
193	383	1
193	445	1
193	446	1
193	447	1
194	283	1
194	344	1
194	346	1
194	347	1
194	348	1
194	349	1
194	374	1
194	377	1
194	378	1
194	471	1
195	283	1
195	335	1
195	339	1
195	340	1
195	341	1
195	342	1
195	343	1
195	345	1
195	376	1
195	471	1
196	63	1
196	283	1
196	327	1
196	328	1
196	329	1
196	330	1
196	331	1
196	332	1
196	333	1
196	334	1
196	337	1
196	338	1
196	376	1
196	471	1
197	54	1
197	55	1
197	56	1
197	57	1
197	58	1
197	62	1
197	262	1
197	263	1
197	264	1
197	283	1
197	369	1
197	373	1
197	374	1
197	376	1
197	471	1
198	48	1
198	49	1
198	50	1
198	51	1
198	52	1
198	53	1
198	225	1
198	226	1
198	283	1
198	320	1
198	368	1
198	369	1
198	372	1
198	373	1
198	376	1
198	471	1
199	45	1
199	46	1
199	47	1
199	226	1
199	227	1
199	283	1
199	302	1
199	344	1
199	345	1
199	346	1
199	347	1
199	348	1
199	349	1
199	350	1
199	351	1
199	352	1
199	353	1
199	354	1
199	377	1
199	471	1
200	226	1
200	239	1
200	273	1
200	282	1
200	299	1
200	300	1
200	301	1
200	337	1
200	338	1
200	339	1
200	340	1
200	341	1
200	342	1
200	343	1
200	377	1
201	115	1
201	116	1
201	117	1
201	239	1
201	273	1
201	282	1
201	290	1
201	291	1
201	292	1
201	293	1
201	294	1
201	295	1
201	296	1
201	371	1
201	378	1
202	104	1
202	105	1
202	106	1
202	107	1
202	108	1
202	109	1
202	110	1
202	111	1
202	112	1
202	113	1
202	114	1
202	212	1
202	213	1
202	214	1
202	215	1
202	216	1
202	217	1
202	218	1
202	219	1
202	220	1
202	221	1
202	239	1
202	273	1
202	282	1
202	306	1
202	371	1
202	378	1
203	90	1
203	91	1
203	92	1
203	93	1
203	94	1
203	95	1
203	96	1
203	102	1
203	103	1
203	225	1
203	230	1
203	231	1
203	232	1
203	233	1
203	239	1
203	273	1
203	282	1
203	297	1
203	298	1
203	299	1
203	300	1
203	301	1
203	302	1
203	303	1
203	304	1
203	305	1
203	369	1
203	374	1
204	82	1
204	83	1
204	84	1
204	85	1
204	86	1
204	87	1
204	88	1
204	89	1
204	228	1
204	229	1
204	239	1
204	240	1
204	273	1
204	282	1
204	286	1
204	287	1
204	288	1
204	289	1
204	290	1
204	291	1
204	292	1
205	69	1
205	70	1
205	71	1
205	72	1
205	73	1
205	74	1
205	75	1
205	76	1
205	77	1
205	78	1
205	79	1
205	80	1
205	81	1
205	175	1
205	176	1
205	236	1
205	240	1
205	241	1
205	264	1
205	265	1
205	266	1
205	267	1
205	268	1
205	269	1
205	273	1
205	281	1
206	63	1
206	64	1
206	65	1
206	66	1
206	67	1
206	68	1
206	120	1
206	121	1
206	122	1
206	123	1
206	173	1
206	174	1
206	177	1
206	178	1
206	179	1
206	180	1
206	235	1
206	236	1
206	242	1
206	243	1
206	244	1
206	260	1
206	261	1
206	262	1
206	263	1
206	274	1
206	281	1
206	307	1
206	308	1
206	309	1
206	310	1
206	311	1
206	312	1
206	313	1
206	314	1
206	315	1
206	316	1
206	317	1
206	319	1
207	58	1
207	59	1
207	60	1
207	61	1
207	62	1
207	119	1
207	120	1
207	235	1
207	274	1
207	275	1
207	280	1
207	281	1
207	295	1
207	296	1
207	297	1
207	298	1
207	299	1
207	300	1
207	301	1
207	302	1
207	303	1
207	304	1
207	305	1
207	306	1
207	372	1
208	34	1
208	35	1
208	36	1
208	37	1
208	38	1
208	39	1
208	40	1
208	41	1
208	42	1
208	43	1
208	44	1
208	45	1
208	46	1
208	47	1
208	48	1
208	161	1
208	162	1
208	219	1
208	235	1
208	273	1
208	286	1
208	287	1
208	288	1
208	289	1
208	290	1
208	291	1
208	292	1
208	293	1
208	294	1
208	363	1
208	371	1
209	29	1
209	30	1
209	31	1
209	32	1
209	33	1
209	48	1
209	49	1
209	120	1
209	158	1
209	159	1
209	160	1
209	161	1
209	162	1
209	163	1
209	164	1
209	165	1
209	166	1
209	167	1
209	168	1
209	180	1
209	181	1
209	188	1
209	189	1
209	190	1
209	191	1
209	192	1
209	212	1
209	213	1
209	214	1
209	220	1
209	235	1
209	273	1
209	282	1
209	283	1
209	284	1
209	285	1
209	364	1
210	49	1
210	57	1
210	120	1
210	169	1
210	170	1
210	171	1
210	172	1
210	173	1
210	174	1
210	175	1
210	179	1
210	182	1
210	183	1
210	184	1
210	195	1
210	196	1
210	211	1
210	212	1
210	219	1
210	235	1
210	256	1
210	266	1
210	267	1
210	268	1
210	269	1
210	270	1
210	271	1
211	56	1
211	57	1
211	121	1
211	196	1
211	210	1
211	218	1
211	220	1
211	235	1
211	256	1
211	265	1
211	266	1
212	54	1
212	55	1
212	121	1
212	209	1
212	216	1
212	220	1
212	221	1
212	227	1
212	235	1
213	51	1
213	52	1
213	53	1
213	54	1
213	122	1
213	185	1
213	186	1
213	187	1
213	188	1
213	189	1
213	190	1
213	191	1
213	192	1
213	201	1
213	204	1
213	205	1
213	214	1
213	215	1
213	221	1
213	227	1
213	235	1
213	356	1
213	357	1
213	358	1
213	359	1
214	123	1
214	193	1
214	194	1
214	212	1
214	213	1
214	221	1
214	227	1
214	235	1
214	325	1
214	358	1
214	359	1
214	361	1
215	210	1
215	211	1
215	212	1
215	221	1
215	222	1
215	235	1
215	295	1
215	296	1
215	297	1
215	298	1
215	307	1
215	359	1
215	360	1
215	362	1
216	222	1
216	228	1
216	235	1
216	293	1
216	294	1
216	299	1
216	300	1
216	301	1
216	302	1
216	303	1
216	304	1
216	305	1
216	306	1
216	359	1
216	364	1
216	365	1
216	366	1
216	367	1
216	369	1
217	222	1
217	228	1
217	235	1
217	271	1
217	272	1
217	287	1
217	288	1
217	289	1
217	290	1
217	291	1
217	292	1
217	324	1
217	325	1
217	359	1
217	360	1
217	369	1
217	370	1
218	223	1
218	228	1
218	235	1
218	266	1
218	273	1
218	274	1
218	275	1
218	276	1
218	356	1
218	359	1
218	361	1
218	362	1
218	363	1
218	370	1
219	266	1
219	267	1
219	327	1
219	356	1
219	360	1
219	361	1
219	370	1
219	371	1
219	404	1
219	405	1
219	406	1
219	407	1
220	262	1
220	263	1
220	267	1
220	305	1
220	306	1
220	307	1
220	308	1
220	309	1
220	310	1
220	311	1
220	312	1
220	313	1
220	314	1
220	315	1
220	316	1
220	317	1
220	318	1
220	321	1
220	327	1
220	355	1
220	372	1
220	373	1
220	374	1
220	404	1
221	263	1
221	268	1
221	291	1
221	292	1
221	293	1
221	294	1
221	295	1
221	296	1
221	297	1
221	298	1
221	299	1
221	300	1
221	301	1
221	302	1
221	303	1
221	304	1
221	327	1
221	355	1
221	373	1
222	263	1
222	270	1
222	277	1
222	278	1
222	279	1
222	280	1
222	281	1
222	282	1
222	283	1
222	284	1
222	285	1
222	286	1
222	287	1
222	288	1
222	289	1
222	290	1
222	327	1
222	354	1
222	355	1
222	369	1
222	373	1
222	448	1
223	264	1
223	269	1
223	270	1
223	272	1
223	273	1
223	274	1
223	275	1
223	327	1
223	354	1
223	373	1
223	448	1
224	264	1
224	269	1
224	327	1
224	354	1
224	358	1
224	373	1
224	448	1
225	264	1
225	268	1
225	326	1
225	327	1
225	358	1
225	359	1
225	374	1
225	448	1
226	264	1
226	268	1
226	326	1
226	374	1
226	375	1
226	449	1
227	264	1
227	268	1
227	376	1
227	449	1
228	264	1
228	268	1
228	320	1
228	449	1
229	1	1
229	2	1
229	3	1
229	4	1
229	5	1
229	6	1
229	7	1
229	264	1
229	269	1
229	319	1
229	449	1
230	7	1
230	8	1
230	235	1
230	269	1
230	319	1
230	450	1
231	9	1
231	10	1
231	235	1
231	269	1
231	319	1
231	450	1
232	10	1
232	11	1
232	236	1
232	269	1
232	319	1
232	450	1
233	11	1
233	236	1
233	269	1
233	319	1
233	450	1
234	91	1
234	92	1
234	269	1
234	318	1
234	450	1
235	90	1
235	91	1
235	237	1
235	269	1
235	298	1
235	299	1
235	300	1
235	301	1
235	302	1
235	303	1
235	304	1
235	305	1
235	306	1
235	307	1
235	308	1
235	309	1
235	310	1
235	311	1
235	318	1
235	342	1
235	343	1
235	344	1
235	345	1
235	346	1
235	347	1
235	450	1
236	1	1
236	90	1
236	198	1
236	312	1
236	313	1
236	314	1
236	315	1
236	316	1
236	317	1
236	318	1
236	333	1
236	334	1
236	335	1
236	336	1
236	337	1
236	338	1
236	339	1
236	340	1
236	341	1
236	449	1
236	450	1
237	2	1
237	198	1
237	237	1
237	268	1
237	324	1
237	449	1
238	3	1
238	198	1
238	238	1
238	268	1
238	448	1
239	238	1
239	269	1
239	351	1
239	358	1
239	447	1
239	448	1
240	113	1
240	265	1
240	269	1
240	270	1
240	324	1
240	325	1
240	327	1
240	328	1
240	329	1
240	351	1
240	357	1
240	358	1
240	377	1
240	446	1
240	447	1
241	114	1
241	115	1
241	116	1
241	239	1
241	240	1
241	261	1
241	262	1
241	263	1
241	264	1
241	265	1
241	266	1
241	311	1
241	312	1
241	313	1
241	314	1
241	315	1
241	316	1
241	317	1
241	318	1
241	319	1
241	320	1
241	323	1
241	324	1
241	351	1
241	377	1
241	378	1
241	446	1
242	112	1
242	117	1
242	118	1
242	119	1
242	197	1
242	239	1
242	261	1
242	264	1
242	265	1
242	266	1
242	320	1
242	323	1
242	351	1
242	375	1
242	376	1
242	430	1
243	120	1
243	121	1
243	239	1
243	269	1
243	270	1
243	271	1
243	320	1
243	321	1
243	352	1
243	353	1
243	358	1
243	359	1
243	360	1
243	361	1
243	362	1
243	363	1
243	364	1
243	365	1
243	366	1
243	367	1
243	368	1
243	369	1
243	370	1
243	374	1
243	377	1
243	431	1
243	432	1
243	433	1
243	434	1
243	435	1
243	436	1
243	437	1
243	438	1
243	439	1
243	440	1
243	444	1
244	121	1
244	122	1
244	240	1
244	263	1
244	268	1
244	320	1
244	321	1
244	322	1
244	353	1
244	354	1
244	355	1
244	356	1
244	357	1
244	378	1
244	443	1
245	122	1
245	240	1
245	261	1
245	263	1
245	264	1
245	270	1
245	322	1
245	378	1
245	441	1
245	442	1
245	456	1
246	123	1
246	196	1
246	240	1
246	241	1
246	260	1
246	265	1
246	456	1
247	123	1
247	241	1
247	260	1
247	261	1
247	265	1
247	377	1
247	378	1
247	379	1
247	380	1
247	456	1
248	124	1
248	241	1
248	261	1
248	262	1
248	263	1
248	264	1
248	265	1
248	380	1
248	456	1
249	124	1
249	125	1
249	126	1
249	132	1
249	133	1
249	134	1
249	135	1
249	136	1
249	137	1
249	241	1
249	242	1
249	264	1
249	456	1
250	127	1
250	128	1
250	129	1
250	131	1
250	195	1
250	456	1
251	56	1
251	57	1
251	58	1
251	195	1
251	242	1
251	456	1
252	58	1
252	59	1
252	242	1
252	456	1
253	59	1
253	60	1
253	194	1
253	243	1
253	455	1
254	60	1
254	61	1
254	194	1
254	243	1
255	62	1
255	162	1
255	243	1
256	63	1
256	64	1
256	128	1
256	193	1
256	244	1
257	64	1
257	65	1
257	193	1
257	244	1
257	334	1
258	65	1
258	193	1
258	244	1
258	259	1
258	260	1
258	261	1
258	262	1
258	263	1
258	312	1
258	334	1
259	128	1
259	129	1
259	130	1
259	131	1
259	245	1
259	258	1
259	264	1
259	265	1
259	310	1
259	311	1
259	334	1
260	89	1
260	95	1
260	96	1
260	129	1
260	192	1
260	245	1
260	257	1
260	258	1
260	311	1
260	334	1
260	354	1
260	355	1
261	90	1
261	192	1
261	245	1
261	258	1
261	311	1
261	334	1
261	335	1
261	339	1
261	340	1
261	341	1
261	342	1
261	343	1
261	344	1
261	345	1
261	346	1
261	347	1
261	348	1
261	349	1
261	350	1
261	351	1
261	352	1
261	353	1
261	356	1
261	357	1
261	358	1
261	359	1
261	371	1
261	372	1
262	91	1
262	92	1
262	310	1
262	335	1
262	336	1
262	337	1
262	338	1
262	360	1
262	361	1
262	365	1
262	366	1
262	369	1
262	370	1
262	375	1
263	92	1
263	93	1
263	99	1
263	100	1
263	191	1
263	257	1
263	258	1
263	260	1
263	261	1
263	262	1
263	367	1
263	368	1
263	369	1
264	93	1
264	94	1
264	100	1
264	101	1
264	255	1
264	256	1
264	309	1
264	352	1
265	95	1
265	96	1
265	101	1
265	102	1
265	170	1
265	253	1
265	254	1
265	310	1
265	340	1
265	341	1
265	342	1
265	343	1
265	349	1
265	350	1
265	351	1
266	97	1
266	103	1
266	252	1
266	253	1
266	310	1
266	344	1
266	347	1
266	348	1
266	450	1
267	104	1
267	105	1
267	130	1
267	174	1
267	175	1
267	252	1
267	310	1
267	311	1
267	345	1
267	450	1
267	452	1
268	100	1
268	105	1
268	106	1
268	131	1
268	172	1
268	189	1
268	251	1
268	311	1
268	312	1
268	345	1
268	451	1
268	452	1
269	101	1
269	106	1
269	107	1
269	128	1
269	131	1
269	189	1
269	251	1
269	310	1
269	451	1
270	102	1
270	103	1
270	108	1
270	109	1
270	131	1
270	251	1
270	310	1
270	450	1
271	103	1
271	104	1
271	109	1
271	110	1
271	131	1
271	184	1
271	188	1
271	251	1
271	450	1
272	104	1
272	105	1
272	110	1
272	111	1
272	130	1
272	184	1
272	450	1
273	106	1
273	111	1
273	112	1
273	130	1
273	449	1
274	107	1
274	108	1
274	113	1
274	114	1
274	130	1
274	305	1
274	379	1
274	449	1
274	471	1
275	108	1
275	109	1
275	114	1
275	115	1
275	129	1
275	183	1
275	379	1
275	437	1
275	438	1
275	439	1
275	449	1
276	110	1
276	111	1
276	116	1
276	129	1
276	182	1
276	380	1
276	440	1
276	447	1
276	471	1
276	473	1
277	111	1
277	112	1
277	117	1
277	129	1
277	181	1
277	182	1
277	433	1
277	434	1
277	441	1
277	446	1
277	450	1
277	469	1
277	470	1
277	474	1
278	113	1
278	114	1
278	118	1
278	129	1
278	442	1
278	443	1
278	444	1
278	445	1
278	446	1
278	450	1
278	467	1
278	468	1
278	469	1
278	474	1
278	475	1
279	114	1
279	115	1
279	119	1
279	120	1
279	129	1
279	180	1
279	181	1
279	446	1
279	447	1
279	475	1
279	476	1
280	115	1
280	116	1
280	121	1
280	129	1
280	476	1
280	477	1
281	125	1
281	128	1
282	124	1
282	128	1
282	269	1
282	444	1
282	445	1
283	128	1
283	251	1
283	268	1
283	445	1
284	128	1
284	251	1
284	268	1
285	250	1
285	268	1
285	412	1
285	413	1
285	446	1
285	452	1
286	269	1
286	413	1
286	414	1
286	415	1
286	416	1
286	450	1
287	269	1
287	416	1
287	430	1
287	450	1
288	251	1
288	269	1
288	429	1
288	430	1
288	447	1
289	247	1
289	251	1
289	270	1
289	428	1
289	429	1
289	447	1
290	248	1
290	251	1
290	270	1
290	427	1
290	428	1
290	432	1
290	433	1
290	434	1
290	435	1
290	436	1
290	447	1
290	454	1
290	455	1
291	248	1
291	251	1
291	252	1
291	270	1
291	426	1
291	427	1
291	447	1
291	455	1
292	248	1
292	252	1
292	270	1
292	368	1
292	425	1
292	426	1
292	447	1
292	455	1
293	249	1
293	252	1
293	368	1
293	447	1
293	452	1
293	455	1
294	253	1
294	271	1
294	368	1
294	447	1
294	453	1
294	454	1
295	176	1
295	254	1
295	255	1
295	271	1
295	375	1
295	376	1
295	447	1
295	453	1
296	186	1
296	224	1
296	225	1
296	226	1
296	227	1
296	228	1
296	229	1
296	230	1
296	231	1
296	232	1
296	233	1
296	256	1
296	257	1
296	258	1
296	259	1
296	260	1
296	261	1
296	263	1
296	264	1
296	267	1
296	271	1
296	365	1
296	369	1
296	372	1
296	373	1
296	374	1
296	406	1
296	407	1
296	448	1
297	155	1
297	156	1
297	157	1
297	158	1
297	159	1
297	160	1
297	161	1
297	162	1
297	164	1
297	165	1
297	168	1
297	169	1
297	170	1
297	171	1
297	176	1
297	265	1
297	266	1
297	267	1
297	271	1
297	370	1
297	403	1
297	404	1
297	405	1
297	448	1
298	151	1
298	152	1
298	153	1
298	154	1
298	167	1
298	168	1
298	239	1
298	246	1
298	247	1
298	248	1
298	249	1
298	250	1
298	251	1
298	252	1
298	271	1
298	397	1
298	400	1
298	401	1
298	402	1
298	448	1
299	270	1
299	271	1
299	272	1
299	320	1
299	326	1
299	388	1
299	389	1
299	448	1
300	267	1
300	269	1
300	270	1
300	319	1
300	320	1
300	326	1
300	389	1
300	448	1
301	124	1
301	125	1
301	268	1
301	305	1
301	306	1
301	307	1
301	308	1
301	309	1
301	319	1
301	448	1
302	125	1
302	126	1
302	268	1
302	303	1
302	304	1
302	305	1
302	310	1
302	311	1
302	444	1
303	126	1
303	127	1
303	269	1
304	127	1
304	128	1
304	269	1
304	392	1
304	439	1
304	440	1
305	128	1
305	129	1
305	270	1
305	296	1
305	391	1
306	129	1
306	270	1
306	294	1
306	295	1
306	297	1
306	390	1
306	391	1
306	441	1
306	442	1
306	443	1
306	448	1
307	129	1
307	130	1
307	270	1
307	322	1
307	390	1
307	441	1
307	453	1
307	454	1
308	130	1
308	270	1
308	322	1
308	374	1
308	408	1
308	453	1
308	454	1
309	132	1
309	271	1
309	321	1
309	366	1
309	367	1
309	368	1
309	369	1
309	370	1
309	371	1
309	372	1
309	373	1
309	388	1
309	407	1
309	408	1
309	412	1
309	452	1
309	453	1
310	271	1
310	321	1
310	367	1
310	377	1
310	383	1
310	384	1
310	387	1
310	388	1
310	434	1
311	271	1
311	272	1
311	279	1
311	321	1
311	322	1
311	376	1
311	377	1
311	387	1
311	435	1
311	436	1
311	445	1
311	446	1
311	447	1
311	448	1
312	272	1
312	273	1
312	275	1
312	276	1
312	277	1
312	300	1
312	301	1
312	302	1
312	303	1
312	304	1
312	305	1
312	306	1
312	307	1
312	322	1
312	387	1
312	405	1
312	437	1
312	444	1
312	445	1
312	476	1
312	477	1
312	478	1
313	273	1
313	280	1
313	281	1
313	287	1
313	288	1
313	289	1
313	290	1
313	291	1
313	292	1
313	293	1
313	294	1
313	295	1
313	296	1
313	297	1
313	298	1
313	299	1
313	321	1
313	367	1
313	380	1
313	381	1
313	398	1
313	399	1
313	404	1
313	405	1
313	438	1
313	442	1
313	443	1
313	475	1
313	476	1
314	141	1
314	142	1
314	146	1
314	273	1
314	282	1
314	283	1
314	284	1
314	285	1
314	322	1
314	367	1
314	382	1
314	383	1
314	384	1
314	385	1
314	395	1
314	396	1
314	397	1
314	400	1
314	401	1
314	402	1
314	403	1
314	404	1
314	407	1
314	408	1
314	438	1
314	439	1
314	442	1
314	443	1
314	473	1
314	474	1
315	143	1
315	146	1
315	273	1
315	322	1
315	367	1
315	374	1
315	388	1
315	389	1
315	390	1
315	391	1
315	392	1
315	393	1
315	394	1
315	439	1
315	443	1
315	444	1
315	472	1
315	473	1
316	146	1
316	274	1
316	322	1
316	368	1
316	375	1
316	376	1
316	377	1
316	378	1
316	379	1
316	439	1
316	444	1
316	471	1
317	146	1
317	274	1
317	322	1
317	368	1
317	378	1
317	439	1
317	445	1
318	274	1
318	322	1
318	369	1
318	370	1
318	371	1
318	372	1
318	385	1
318	386	1
318	440	1
318	445	1
319	150	1
319	274	1
319	321	1
319	369	1
319	370	1
319	385	1
319	441	1
319	446	1
320	150	1
320	151	1
320	152	1
320	274	1
320	320	1
320	321	1
320	382	1
320	385	1
321	150	1
321	235	1
321	236	1
321	237	1
321	275	1
321	320	1
321	385	1
322	147	1
322	148	1
322	149	1
322	171	1
322	275	1
322	320	1
322	378	1
322	379	1
322	380	1
322	381	1
322	385	1
323	147	1
323	155	1
323	156	1
323	157	1
323	170	1
323	176	1
323	177	1
323	275	1
323	320	1
323	354	1
323	381	1
323	382	1
324	147	1
324	174	1
324	175	1
324	275	1
324	320	1
324	365	1
324	366	1
324	367	1
324	368	1
324	383	1
324	384	1
325	147	1
325	160	1
325	172	1
325	173	1
325	176	1
325	275	1
325	319	1
325	368	1
325	369	1
326	147	1
326	177	1
326	178	1
326	197	1
326	198	1
326	275	1
326	319	1
326	343	1
326	344	1
326	345	1
326	346	1
326	347	1
326	350	1
326	368	1
327	179	1
327	180	1
327	181	1
327	182	1
327	191	1
327	192	1
327	193	1
327	194	1
327	200	1
327	262	1
327	266	1
327	267	1
327	275	1
327	319	1
327	342	1
327	343	1
327	348	1
327	349	1
327	350	1
327	368	1
328	166	1
328	167	1
328	201	1
328	263	1
328	276	1
328	319	1
328	320	1
328	341	1
328	342	1
328	368	1
329	168	1
329	319	1
329	341	1
329	367	1
329	368	1
330	273	1
330	274	1
330	275	1
330	276	1
330	277	1
330	318	1
330	340	1
330	341	1
330	363	1
330	367	1
331	254	1
331	268	1
331	269	1
331	270	1
331	271	1
331	272	1
331	281	1
331	282	1
331	296	1
331	297	1
331	298	1
331	299	1
331	300	1
331	301	1
331	302	1
331	303	1
331	304	1
331	305	1
331	306	1
331	307	1
331	308	1
331	309	1
331	310	1
331	311	1
331	312	1
331	313	1
331	314	1
331	315	1
331	316	1
331	317	1
331	318	1
331	340	1
331	363	1
332	254	1
332	262	1
332	340	1
332	341	1
332	342	1
332	363	1
333	254	1
333	262	1
333	283	1
333	339	1
333	347	1
333	366	1
334	254	1
334	263	1
334	283	1
334	340	1
334	344	1
334	345	1
334	364	1
334	366	1
334	367	1
335	254	1
335	267	1
335	283	1
335	331	1
335	344	1
335	363	1
336	254	1
336	283	1
336	331	1
336	336	1
336	337	1
336	362	1
336	363	1
336	367	1
337	254	1
337	267	1
337	283	1
337	331	1
337	332	1
337	335	1
337	362	1
337	367	1
338	254	1
338	281	1
338	282	1
338	283	1
338	284	1
338	332	1
338	333	1
338	372	1
339	254	1
339	285	1
339	332	1
339	342	1
339	360	1
339	371	1
339	372	1
340	254	1
340	285	1
340	345	1
340	346	1
340	359	1
340	369	1
340	370	1
340	371	1
341	285	1
341	345	1
341	359	1
341	369	1
341	370	1
342	285	1
342	322	1
342	323	1
342	324	1
342	344	1
342	358	1
343	285	1
343	298	1
343	299	1
343	324	1
343	325	1
343	326	1
343	327	1
344	189	1
344	299	1
344	300	1
344	344	1
345	144	1
345	189	1
345	190	1
345	300	1
345	301	1
345	322	1
345	344	1
345	348	1
346	188	1
346	189	1
346	191	1
346	192	1
346	194	1
346	195	1
346	196	1
346	301	1
346	323	1
346	327	1
346	332	1
347	188	1
347	193	1
347	194	1
347	254	1
347	302	1
347	325	1
347	326	1
347	328	1
347	329	1
347	330	1
347	331	1
347	339	1
347	350	1
348	187	1
348	239	1
348	243	1
348	302	1
348	325	1
349	141	1
349	187	1
349	198	1
349	243	1
349	302	1
349	321	1
349	324	1
349	339	1
349	340	1
349	341	1
349	342	1
349	372	1
350	187	1
350	320	1
350	321	1
350	322	1
350	323	1
350	338	1
350	353	1
351	188	1
351	352	1
352	139	1
352	188	1
352	355	1
353	188	1
353	355	1
355	189	1
356	135	1
356	188	1
356	189	1
356	474	1
357	189	1
357	191	1
358	299	1
358	473	1
358	474	1
358	475	1
359	471	1
359	475	1
359	476	1
360	470	1
360	471	1
360	477	1
360	478	1
360	479	1
360	480	1
361	469	1
362	129	1
362	130	1
363	187	1
365	289	1
368	286	1
368	289	1
369	286	1
369	289	1
370	120	1
370	288	1
370	403	1
370	404	1
370	405	1
370	406	1
371	119	1
371	287	1
371	402	1
372	118	1
372	287	1
372	398	1
372	399	1
372	400	1
372	401	1
373	117	1
373	287	1
373	393	1
373	394	1
373	395	1
373	396	1
373	397	1
374	116	1
374	245	1
375	115	1
375	245	1
375	372	1
375	373	1
376	114	1
376	245	1
376	372	1
377	113	1
377	224	1
377	225	1
377	226	1
377	227	1
377	228	1
377	245	1
377	372	1
378	112	1
378	221	1
378	229	1
378	230	1
378	231	1
378	232	1
378	245	1
378	328	1
378	371	1
379	111	1
379	112	1
379	232	1
379	233	1
379	237	1
379	245	1
379	252	1
379	253	1
379	254	1
379	255	1
379	256	1
379	257	1
379	258	1
379	272	1
379	273	1
379	274	1
379	275	1
379	276	1
379	277	1
379	278	1
379	279	1
379	280	1
379	281	1
379	283	1
379	328	1
379	371	1
380	110	1
380	233	1
380	234	1
380	248	1
380	249	1
380	250	1
380	282	1
380	283	1
380	370	1
381	109	1
381	234	1
381	251	1
381	283	1
381	284	1
381	370	1
382	108	1
382	270	1
382	271	1
382	272	1
382	274	1
382	275	1
382	284	1
382	346	1
382	347	1
382	348	1
382	349	1
382	350	1
382	351	1
382	352	1
382	353	1
382	363	1
382	364	1
382	365	1
382	366	1
382	367	1
382	369	1
382	370	1
383	241	1
383	270	1
383	271	1
383	272	1
383	284	1
383	321	1
383	341	1
383	342	1
383	343	1
383	344	1
383	345	1
383	346	1
383	368	1
383	369	1
383	371	1
384	163	1
384	164	1
384	239	1
384	240	1
384	249	1
384	251	1
384	282	1
384	283	1
384	284	1
384	318	1
384	359	1
384	360	1
384	362	1
384	368	1
384	372	1
385	230	1
385	231	1
385	232	1
385	238	1
385	247	1
385	248	1
385	252	1
385	253	1
385	254	1
385	287	1
385	290	1
385	291	1
385	292	1
385	293	1
385	294	1
385	295	1
385	360	1
385	361	1
385	368	1
385	372	1
385	373	1
386	160	1
386	161	1
386	234	1
386	235	1
386	236	1
386	237	1
386	247	1
386	286	1
386	288	1
386	289	1
386	346	1
386	361	1
386	362	1
386	368	1
386	373	1
387	161	1
387	162	1
387	163	1
387	270	1
387	346	1
387	368	1
387	372	1
388	174	1
388	175	1
388	176	1
388	177	1
388	179	1
388	180	1
388	185	1
388	186	1
388	187	1
388	188	1
388	189	1
388	335	1
388	336	1
388	337	1
388	338	1
388	340	1
388	341	1
388	345	1
388	369	1
388	372	1
389	97	1
389	339	1
389	342	1
389	346	1
389	366	1
390	96	1
390	257	1
390	258	1
390	259	1
390	260	1
390	266	1
390	287	1
390	343	1
390	366	1
391	261	1
391	265	1
391	287	1
391	288	1
391	310	1
391	311	1
391	312	1
391	313	1
391	318	1
391	343	1
391	344	1
391	346	1
391	366	1
392	94	1
392	264	1
392	288	1
392	289	1
392	314	1
392	344	1
392	346	1
392	347	1
392	366	1
393	92	1
393	93	1
393	263	1
393	280	1
393	281	1
393	289	1
393	322	1
393	347	1
393	348	1
393	349	1
393	350	1
393	351	1
393	352	1
393	353	1
393	354	1
393	355	1
393	356	1
393	357	1
393	365	1
393	368	1
394	91	1
394	92	1
394	263	1
394	289	1
394	316	1
394	317	1
394	358	1
394	359	1
394	360	1
394	361	1
394	362	1
394	363	1
394	364	1
394	369	1
394	370	1
394	371	1
395	90	1
395	290	1
395	317	1
396	89	1
396	291	1
396	317	1
396	320	1
397	87	1
397	88	1
398	86	1
398	87	1
398	242	1
398	243	1
398	244	1
398	245	1
398	246	1
398	247	1
398	248	1
399	85	1
399	86	1
399	241	1
399	257	1
400	84	1
400	85	1
400	257	1
401	83	1
401	84	1
401	257	1
401	320	1
401	321	1
402	82	1
402	83	1
402	258	1
402	316	1
402	319	1
402	320	1
403	80	1
403	81	1
403	316	1
403	317	1
403	318	1
403	319	1
404	79	1
404	80	1
404	257	1
405	78	1
405	79	1
405	258	1
406	77	1
406	78	1
406	258	1
407	75	1
407	76	1
407	258	1
408	74	1
408	75	1
408	258	1
409	71	1
409	72	1
409	73	1
409	258	1
409	332	1
409	333	1
410	70	1
410	71	1
410	257	1
410	324	1
410	325	1
410	326	1
410	333	1
410	334	1
411	69	1
411	70	1
411	257	1
411	316	1
411	317	1
411	323	1
411	327	1
411	330	1
411	334	1
411	335	1
412	68	1
412	69	1
412	74	1
412	257	1
412	318	1
412	319	1
412	320	1
412	321	1
412	322	1
412	328	1
412	329	1
412	336	1
413	73	1
413	256	1
413	320	1
413	321	1
413	336	1
414	72	1
414	221	1
414	231	1
414	255	1
415	70	1
415	71	1
415	220	1
415	231	1
415	254	1
415	282	1
416	69	1
416	70	1
416	226	1
416	228	1
416	229	1
416	230	1
416	231	1
416	232	1
416	254	1
416	282	1
417	68	1
417	231	1
417	255	1
417	281	1
417	282	1
418	67	1
418	255	1
418	281	1
418	287	1
419	59	1
419	65	1
419	255	1
419	280	1
419	287	1
420	58	1
420	59	1
420	63	1
420	64	1
420	88	1
420	89	1
420	90	1
420	91	1
420	92	1
420	255	1
420	273	1
420	274	1
420	275	1
420	276	1
420	277	1
420	278	1
420	279	1
420	287	1
421	56	1
421	57	1
421	62	1
421	85	1
421	86	1
421	87	1
421	88	1
421	255	1
421	287	1
421	427	1
422	55	1
422	56	1
422	82	1
422	83	1
422	84	1
422	248	1
422	255	1
422	287	1
423	53	1
423	54	1
423	78	1
423	79	1
423	80	1
423	81	1
423	248	1
423	254	1
423	287	1
424	52	1
424	53	1
424	73	1
424	74	1
424	75	1
424	76	1
424	77	1
424	87	1
424	88	1
424	89	1
424	248	1
424	249	1
424	254	1
425	50	1
425	51	1
425	70	1
425	71	1
425	72	1
425	83	1
425	84	1
425	248	1
425	249	1
425	254	1
426	49	1
426	50	1
426	64	1
426	65	1
426	66	1
426	67	1
426	68	1
426	69	1
426	79	1
426	80	1
426	81	1
426	82	1
426	244	1
426	245	1
426	246	1
426	247	1
426	248	1
426	249	1
426	253	1
426	353	1
427	48	1
427	61	1
427	62	1
427	63	1
427	75	1
427	76	1
427	77	1
427	78	1
427	251	1
427	252	1
427	264	1
427	354	1
427	428	1
427	429	1
428	45	1
428	56	1
428	57	1
428	58	1
428	59	1
428	60	1
428	70	1
428	71	1
428	72	1
428	73	1
428	74	1
428	251	1
428	264	1
428	429	1
429	44	1
429	45	1
429	51	1
429	52	1
429	53	1
429	54	1
429	67	1
429	68	1
429	69	1
429	250	1
429	259	1
429	260	1
429	261	1
429	262	1
429	264	1
429	265	1
429	281	1
429	282	1
430	43	1
430	62	1
430	63	1
430	64	1
430	65	1
430	66	1
430	249	1
430	265	1
430	281	1
430	282	1
430	283	1
431	55	1
431	56	1
431	57	1
431	58	1
431	59	1
431	60	1
431	61	1
431	253	1
431	266	1
431	267	1
431	268	1
431	269	1
431	270	1
431	271	1
431	280	1
431	283	1
431	284	1
431	360	1
431	361	1
432	48	1
432	49	1
432	50	1
432	51	1
432	185	1
432	186	1
432	250	1
432	251	1
432	252	1
432	253	1
432	254	1
432	255	1
432	256	1
432	272	1
432	273	1
432	274	1
432	275	1
432	276	1
432	277	1
432	278	1
432	279	1
432	359	1
432	362	1
432	363	1
433	45	1
433	46	1
433	47	1
433	183	1
433	184	1
433	284	1
433	363	1
433	364	1
434	43	1
434	44	1
434	182	1
434	183	1
434	282	1
434	284	1
434	364	1
434	365	1
435	182	1
435	284	1
435	285	1
435	287	1
435	301	1
435	302	1
435	303	1
435	365	1
435	366	1
436	179	1
436	185	1
436	287	1
436	288	1
436	299	1
436	300	1
436	304	1
436	305	1
436	357	1
436	367	1
437	36	1
437	178	1
437	179	1
437	184	1
437	289	1
437	290	1
437	291	1
437	292	1
437	328	1
437	329	1
437	330	1
437	367	1
437	368	1
438	32	1
438	34	1
438	177	1
438	178	1
438	243	1
438	244	1
438	245	1
438	246	1
438	247	1
438	248	1
438	249	1
438	250	1
438	251	1
438	252	1
438	253	1
438	254	1
438	255	1
438	256	1
438	257	1
438	292	1
438	293	1
438	314	1
438	318	1
438	319	1
438	322	1
438	323	1
438	332	1
438	333	1
438	369	1
439	26	1
439	31	1
439	32	1
439	176	1
439	177	1
439	241	1
439	242	1
439	294	1
439	295	1
439	296	1
439	314	1
439	315	1
439	322	1
439	366	1
439	367	1
439	370	1
439	371	1
440	6	1
440	7	1
440	8	1
440	23	1
440	24	1
440	29	1
440	30	1
440	174	1
440	175	1
440	240	1
440	313	1
440	314	1
440	315	1
440	316	1
440	322	1
440	371	1
440	372	1
440	373	1
441	1	1
441	2	1
441	3	1
441	4	1
441	5	1
441	17	1
441	18	1
441	19	1
441	20	1
441	28	1
441	29	1
441	173	1
441	174	1
441	227	1
441	239	1
441	316	1
441	321	1
441	370	1
442	14	1
442	15	1
442	20	1
442	27	1
442	172	1
442	227	1
442	229	1
442	230	1
442	305	1
442	306	1
442	317	1
442	321	1
442	325	1
442	368	1
443	10	1
443	12	1
443	24	1
443	25	1
443	228	1
443	229	1
443	237	1
443	238	1
443	239	1
443	240	1
443	289	1
443	304	1
443	305	1
443	321	1
443	326	1
443	369	1
443	372	1
444	7	1
444	17	1
444	18	1
444	23	1
444	24	1
444	226	1
444	227	1
444	234	1
444	235	1
444	236	1
444	289	1
444	318	1
444	321	1
444	322	1
444	326	1
444	373	1
444	374	1
445	14	1
445	15	1
445	21	1
445	22	1
445	225	1
445	226	1
445	290	1
445	316	1
445	319	1
445	322	1
445	327	1
446	13	1
446	19	1
446	20	1
446	223	1
446	224	1
446	225	1
446	282	1
446	283	1
446	284	1
446	290	1
446	317	1
446	323	1
446	327	1
446	328	1
446	370	1
446	377	1
447	10	1
447	11	1
447	17	1
447	18	1
447	285	1
447	286	1
447	287	1
447	288	1
447	317	1
447	318	1
447	323	1
447	324	1
447	328	1
447	329	1
447	378	1
447	379	1
448	9	1
448	10	1
448	15	1
448	16	1
448	288	1
448	290	1
448	291	1
448	292	1
448	324	1
448	325	1
448	329	1
448	369	1
448	370	1
448	380	1
448	381	1
449	7	1
449	8	1
449	13	1
449	14	1
449	291	1
449	292	1
449	293	1
449	294	1
449	295	1
449	296	1
449	297	1
449	298	1
449	299	1
449	300	1
449	301	1
449	302	1
449	303	1
449	304	1
449	305	1
449	325	1
449	330	1
449	370	1
449	382	1
450	5	1
450	12	1
450	13	1
450	290	1
450	305	1
450	326	1
450	330	1
450	331	1
451	9	1
451	10	1
451	11	1
451	290	1
451	326	1
451	331	1
451	384	1
452	7	1
452	8	1
452	9	1
452	290	1
452	327	1
452	332	1
453	5	1
453	6	1
453	7	1
453	290	1
453	327	1
453	332	1
453	333	1
454	5	1
454	290	1
454	328	1
454	333	1
455	290	1
455	333	1
456	219	1
456	290	1
456	328	1
456	334	1
457	219	1
457	220	1
457	290	1
457	328	1
457	334	1
458	290	1
458	328	1
458	334	1
458	386	1
459	246	1
459	254	1
459	255	1
459	256	1
459	257	1
459	264	1
459	290	1
459	328	1
459	333	1
459	334	1
459	387	1
459	388	1
460	245	1
460	258	1
460	273	1
460	290	1
460	328	1
460	337	1
460	388	1
460	389	1
461	244	1
461	259	1
461	260	1
461	273	1
461	279	1
461	290	1
461	330	1
461	337	1
461	390	1
462	243	1
462	259	1
462	264	1
462	265	1
462	266	1
462	273	1
462	279	1
462	290	1
462	330	1
462	331	1
462	338	1
462	391	1
462	480	1
463	242	1
463	259	1
463	263	1
463	272	1
463	279	1
463	290	1
463	311	1
463	331	1
463	338	1
463	391	1
463	479	1
464	219	1
464	241	1
464	259	1
464	262	1
464	267	1
464	268	1
464	271	1
464	272	1
464	279	1
464	290	1
464	311	1
464	332	1
464	339	1
464	391	1
464	392	1
464	414	1
465	218	1
465	240	1
465	241	1
465	259	1
465	262	1
465	269	1
465	270	1
465	271	1
465	272	1
465	273	1
465	279	1
465	290	1
465	291	1
465	304	1
465	305	1
465	306	1
465	307	1
465	308	1
465	309	1
465	310	1
465	332	1
465	339	1
465	392	1
465	415	1
465	478	1
466	240	1
466	258	1
466	276	1
466	278	1
466	292	1
466	293	1
466	294	1
466	295	1
466	296	1
466	297	1
466	298	1
466	299	1
466	300	1
466	301	1
466	302	1
466	303	1
466	333	1
466	339	1
466	340	1
466	393	1
466	417	1
466	478	1
467	215	1
467	216	1
467	257	1
467	277	1
467	278	1
467	333	1
467	340	1
467	393	1
467	394	1
467	418	1
467	478	1
468	214	1
468	215	1
468	257	1
468	268	1
468	269	1
468	270	1
468	271	1
468	272	1
468	277	1
468	333	1
468	340	1
468	394	1
468	395	1
468	419	1
468	478	1
469	213	1
469	256	1
469	272	1
469	273	1
469	274	1
469	280	1
469	311	1
469	312	1
469	334	1
469	396	1
469	397	1
469	403	1
469	404	1
470	233	1
470	234	1
470	235	1
470	239	1
470	240	1
470	241	1
470	242	1
470	243	1
470	255	1
470	279	1
470	280	1
470	309	1
470	313	1
470	334	1
470	398	1
470	399	1
470	405	1
471	237	1
471	238	1
471	244	1
471	245	1
471	246	1
471	247	1
471	248	1
471	249	1
471	250	1
471	255	1
471	276	1
471	279	1
471	313	1
471	314	1
471	335	1
471	336	1
471	342	1
471	399	1
471	406	1
472	236	1
472	237	1
472	254	1
472	255	1
472	276	1
472	279	1
472	314	1
472	336	1
472	342	1
472	406	1
472	425	1
473	237	1
473	254	1
473	275	1
473	314	1
473	337	1
473	342	1
474	253	1
474	275	1
474	315	1
474	337	1
474	342	1
475	275	1
475	336	1
475	341	1
475	342	1
475	401	1
475	478	1
476	197	1
476	275	1
476	335	1
476	336	1
476	342	1
476	402	1
476	478	1
477	196	1
477	274	1
477	335	1
477	342	1
477	402	1
477	478	1
478	195	1
478	239	1
478	271	1
478	274	1
478	335	1
478	343	1
478	402	1
478	478	1
479	193	1
479	194	1
479	238	1
479	239	1
479	271	1
479	274	1
479	321	1
479	322	1
479	335	1
479	343	1
479	403	1
479	408	1
479	478	1
480	192	1
480	200	1
480	237	1
480	238	1
480	271	1
480	274	1
480	318	1
480	319	1
480	320	1
480	323	1
480	324	1
480	325	1
480	326	1
480	327	1
480	328	1
480	329	1
480	335	1
480	343	1
480	403	1
480	478	1
481	199	1
481	200	1
481	223	1
481	224	1
481	225	1
481	226	1
481	227	1
481	228	1
481	236	1
481	237	1
481	271	1
481	274	1
481	318	1
481	331	1
481	332	1
481	333	1
481	334	1
481	335	1
481	343	1
481	403	1
481	409	1
481	478	1
482	198	1
482	229	1
482	230	1
482	231	1
482	232	1
482	233	1
482	235	1
482	236	1
482	270	1
482	274	1
482	295	1
482	296	1
482	297	1
482	298	1
482	299	1
482	300	1
482	318	1
482	333	1
482	335	1
482	343	1
482	403	1
482	408	1
482	432	1
482	479	1
483	188	1
483	197	1
483	234	1
483	235	1
483	242	1
483	259	1
483	261	1
483	262	1
483	263	1
483	264	1
483	265	1
483	266	1
483	270	1
483	274	1
483	301	1
483	302	1
483	303	1
483	304	1
483	305	1
483	306	1
483	307	1
483	308	1
483	309	1
483	310	1
483	311	1
483	312	1
483	318	1
483	340	1
483	341	1
483	342	1
483	343	1
483	403	1
483	408	1
483	432	1
483	479	1
484	195	1
484	196	1
484	203	1
484	220	1
484	234	1
484	242	1
484	260	1
484	270	1
484	271	1
484	274	1
484	313	1
484	343	1
484	344	1
484	403	1
484	404	1
484	408	1
484	432	1
484	479	1
485	194	1
485	201	1
485	202	1
485	221	1
485	222	1
485	223	1
485	224	1
485	225	1
485	226	1
485	227	1
485	234	1
485	242	1
485	243	1
485	270	1
485	275	1
485	345	1
485	405	1
485	406	1
485	408	1
485	409	1
485	410	1
485	433	1
485	434	1
485	479	1
486	193	1
486	200	1
486	201	1
486	228	1
486	243	1
486	269	1
486	276	1
486	313	1
486	314	1
486	406	1
486	410	1
486	411	1
486	412	1
486	434	1
487	192	1
487	200	1
487	228	1
487	232	1
487	244	1
487	268	1
487	313	1
487	412	1
488	191	1
488	228	1
488	231	1
488	232	1
488	244	1
488	268	1
488	310	1
488	412	1
488	413	1
489	227	1
489	244	1
489	312	1
489	413	1
490	226	1
490	230	1
490	243	1
490	313	1
490	413	1
491	225	1
491	242	1
491	270	1
491	313	1
492	92	1
492	241	1
492	242	1
492	270	1
492	313	1
492	410	1
493	175	1
493	241	1
493	270	1
493	312	1
493	410	1
494	174	1
494	175	1
494	240	1
494	311	1
494	410	1
495	172	1
495	239	1
495	240	1
495	310	1
495	411	1
496	171	1
496	239	1
496	407	1
496	412	1
497	169	1
497	238	1
498	237	1
498	238	1
498	269	1
498	289	1
498	290	1
498	408	1
499	237	1
499	269	1
499	270	1
499	290	1
499	408	1
500	236	1
500	289	1
500	290	1
500	291	1
500	292	1
500	293	1
500	409	1
500	413	1
501	235	1
501	236	1
501	270	1
501	273	1
501	274	1
501	275	1
501	276	1
501	277	1
501	278	1
501	279	1
501	280	1
501	281	1
501	282	1
501	289	1
501	294	1
501	295	1
501	296	1
501	297	1
501	298	1
501	299	1
501	300	1
501	301	1
501	302	1
501	303	1
501	304	1
501	305	1
501	306	1
501	307	1
501	308	1
501	309	1
501	310	1
501	311	1
501	410	1
501	413	1
502	186	1
502	187	1
502	188	1
502	189	1
502	190	1
502	191	1
502	192	1
502	193	1
502	222	1
502	235	1
502	271	1
502	272	1
502	283	1
502	284	1
502	285	1
502	286	1
502	289	1
502	312	1
502	413	1
503	194	1
503	195	1
503	196	1
503	197	1
503	200	1
503	222	1
503	234	1
503	235	1
503	286	1
503	288	1
503	289	1
503	313	1
503	413	1
504	201	1
504	202	1
504	203	1
504	204	1
504	205	1
504	206	1
504	207	1
504	208	1
504	209	1
504	210	1
504	211	1
504	212	1
504	213	1
504	222	1
504	234	1
504	413	1
505	214	1
505	215	1
505	216	1
505	225	1
505	226	1
505	233	1
506	217	1
506	218	1
506	226	1
506	232	1
506	233	1
506	288	1
506	418	1
506	419	1
507	218	1
507	232	1
507	403	1
507	404	1
507	405	1
507	406	1
507	418	1
507	419	1
508	219	1
508	231	1
508	232	1
508	265	1
508	402	1
508	407	1
508	408	1
508	409	1
508	410	1
508	419	1
509	220	1
509	230	1
509	231	1
509	265	1
509	402	1
509	411	1
509	412	1
509	413	1
509	414	1
509	419	1
509	420	1
510	220	1
510	221	1
510	225	1
510	229	1
510	230	1
510	295	1
510	296	1
510	298	1
510	299	1
510	300	1
510	402	1
510	415	1
510	416	1
510	420	1
511	219	1
511	220	1
511	222	1
511	226	1
511	227	1
511	228	1
511	293	1
511	294	1
511	297	1
511	301	1
511	302	1
511	303	1
511	304	1
511	305	1
511	306	1
511	307	1
511	402	1
511	421	1
511	422	1
511	423	1
511	424	1
511	425	1
511	426	1
512	218	1
512	219	1
512	292	1
512	309	1
512	310	1
512	311	1
512	403	1
512	426	1
512	427	1
512	454	1
513	292	1
513	312	1
513	403	1
513	427	1
513	428	1
513	454	1
514	264	1
514	315	1
514	316	1
514	404	1
514	428	1
514	429	1
514	454	1
515	316	1
515	404	1
515	429	1
515	454	1
516	263	1
516	316	1
516	404	1
516	454	1
517	263	1
517	316	1
517	323	1
517	404	1
517	430	1
517	453	1
518	263	1
518	317	1
518	323	1
518	402	1
518	430	1
518	452	1
518	453	1
518	462	1
519	51	1
519	52	1
519	263	1
519	317	1
519	402	1
519	430	1
519	462	1
520	50	1
520	51	1
520	263	1
520	403	1
520	452	1
520	455	1
520	463	1
521	48	1
521	49	1
521	54	1
521	263	1
521	404	1
521	452	1
521	453	1
521	455	1
521	456	1
521	463	1
521	464	1
522	47	1
522	48	1
522	52	1
522	53	1
522	210	1
522	211	1
522	263	1
522	405	1
522	456	1
522	457	1
522	464	1
522	465	1
523	45	1
523	46	1
523	51	1
523	52	1
523	210	1
523	263	1
523	404	1
523	457	1
523	458	1
523	465	1
523	466	1
524	44	1
524	45	1
524	50	1
524	51	1
524	209	1
524	263	1
524	404	1
524	458	1
525	42	1
525	43	1
525	48	1
525	49	1
525	208	1
525	209	1
525	262	1
525	404	1
525	430	1
526	41	1
526	42	1
526	47	1
526	48	1
526	208	1
526	262	1
526	404	1
526	430	1
527	39	1
527	41	1
527	45	1
527	46	1
527	171	1
527	172	1
527	173	1
527	174	1
527	175	1
527	176	1
527	177	1
527	178	1
527	179	1
527	180	1
527	181	1
527	182	1
527	183	1
527	184	1
527	185	1
527	186	1
527	187	1
527	188	1
527	189	1
527	190	1
527	191	1
527	207	1
527	208	1
527	262	1
527	306	1
527	308	1
527	309	1
527	310	1
527	328	1
527	431	1
528	44	1
528	45	1
528	192	1
528	193	1
528	194	1
528	195	1
528	196	1
528	206	1
528	207	1
528	262	1
528	265	1
528	266	1
528	267	1
528	268	1
528	269	1
528	270	1
528	271	1
528	272	1
528	273	1
528	274	1
528	275	1
528	276	1
528	313	1
528	314	1
528	315	1
528	316	1
528	317	1
528	318	1
528	319	1
528	320	1
528	321	1
528	322	1
528	323	1
528	324	1
528	327	1
528	328	1
528	403	1
528	431	1
529	42	1
529	43	1
529	197	1
529	198	1
529	205	1
529	206	1
529	229	1
529	230	1
529	259	1
529	261	1
529	262	1
529	325	1
529	326	1
529	402	1
529	403	1
529	404	1
529	405	1
529	406	1
529	407	1
529	408	1
529	458	1
530	41	1
530	42	1
530	154	1
530	155	1
530	156	1
530	162	1
530	199	1
530	200	1
530	201	1
530	202	1
530	203	1
530	204	1
530	215	1
530	231	1
530	232	1
530	233	1
530	234	1
530	235	1
530	236	1
530	237	1
530	238	1
530	239	1
530	240	1
530	401	1
530	402	1
530	409	1
530	410	1
530	411	1
530	412	1
530	413	1
530	414	1
530	415	1
530	416	1
530	417	1
530	418	1
530	419	1
530	420	1
530	421	1
530	422	1
530	423	1
530	458	1
531	39	1
531	40	1
531	137	1
531	214	1
531	215	1
531	241	1
531	242	1
531	243	1
531	244	1
531	245	1
531	246	1
531	247	1
531	248	1
531	249	1
531	303	1
531	304	1
531	305	1
531	306	1
531	307	1
531	308	1
531	309	1
531	310	1
531	311	1
531	459	1
532	38	1
532	39	1
532	136	1
532	171	1
532	172	1
532	173	1
532	174	1
532	175	1
532	214	1
532	250	1
532	251	1
532	252	1
532	253	1
532	254	1
532	257	1
532	312	1
532	313	1
532	314	1
532	315	1
532	316	1
532	317	1
532	318	1
532	319	1
532	320	1
532	459	1
533	36	1
533	37	1
533	136	1
533	321	1
533	322	1
533	323	1
533	324	1
533	325	1
533	326	1
533	327	1
533	328	1
533	329	1
534	36	1
534	135	1
534	141	1
534	190	1
534	191	1
534	192	1
534	193	1
534	194	1
534	195	1
534	198	1
534	259	1
534	260	1
534	261	1
534	262	1
534	330	1
534	331	1
534	332	1
534	333	1
535	33	1
535	34	1
535	134	1
535	140	1
535	141	1
535	199	1
535	200	1
535	201	1
535	202	1
535	220	1
535	263	1
535	264	1
535	265	1
535	266	1
535	267	1
535	268	1
535	269	1
535	270	1
535	271	1
535	272	1
535	273	1
535	274	1
535	333	1
535	403	1
535	404	1
535	405	1
535	406	1
535	407	1
535	408	1
536	133	1
536	134	1
536	140	1
536	275	1
536	276	1
536	277	1
536	278	1
536	279	1
536	280	1
536	281	1
536	282	1
536	283	1
536	284	1
536	409	1
536	410	1
536	431	1
537	133	1
537	139	1
537	286	1
537	287	1
537	288	1
537	289	1
537	290	1
537	291	1
537	411	1
537	412	1
537	413	1
537	414	1
537	415	1
537	432	1
538	28	1
538	29	1
538	132	1
538	139	1
538	265	1
538	266	1
538	290	1
538	307	1
538	308	1
538	416	1
538	432	1
538	433	1
539	28	1
539	131	1
539	139	1
539	263	1
539	264	1
539	267	1
539	268	1
539	309	1
539	310	1
539	311	1
539	312	1
539	313	1
539	433	1
539	434	1
540	19	1
540	20	1
540	25	1
540	130	1
540	131	1
540	139	1
540	218	1
540	313	1
540	314	1
540	315	1
540	316	1
540	317	1
540	318	1
540	319	1
540	426	1
540	427	1
540	428	1
540	435	1
540	436	1
540	460	1
541	18	1
541	23	1
541	130	1
541	138	1
541	259	1
541	429	1
541	430	1
541	436	1
541	460	1
542	16	1
542	17	1
542	129	1
542	138	1
542	215	1
542	216	1
542	335	1
542	336	1
542	337	1
542	338	1
542	431	1
542	460	1
543	128	1
543	129	1
543	137	1
543	138	1
543	262	1
543	313	1
543	314	1
543	460	1
544	13	1
544	14	1
544	127	1
544	128	1
544	137	1
544	315	1
544	316	1
544	317	1
544	318	1
544	319	1
544	320	1
544	321	1
544	322	1
544	323	1
544	324	1
544	433	1
544	460	1
545	13	1
545	127	1
545	137	1
545	213	1
545	325	1
545	326	1
545	327	1
545	328	1
545	329	1
545	417	1
545	434	1
545	460	1
546	10	1
546	126	1
546	136	1
546	213	1
546	418	1
546	460	1
547	8	1
547	10	1
547	14	1
547	125	1
547	136	1
547	213	1
547	366	1
547	418	1
547	460	1
548	13	1
548	14	1
548	124	1
548	125	1
548	136	1
548	212	1
548	365	1
548	368	1
548	369	1
548	419	1
548	461	1
549	5	1
549	6	1
549	11	1
549	123	1
549	124	1
549	135	1
549	212	1
549	362	1
549	363	1
549	364	1
549	369	1
549	420	1
549	461	1
550	4	1
550	11	1
550	122	1
550	123	1
550	135	1
550	212	1
550	369	1
550	370	1
550	420	1
550	461	1
551	2	1
551	3	1
551	122	1
551	212	1
551	370	1
551	420	1
551	444	1
551	445	1
551	461	1
552	1	1
552	121	1
552	212	1
552	420	1
552	446	1
552	447	1
552	461	1
553	5	1
553	121	1
553	211	1
553	421	1
553	447	1
553	461	1
554	4	1
554	5	1
554	120	1
554	130	1
554	421	1
554	448	1
554	461	1
555	1	1
555	2	1
555	3	1
555	120	1
555	130	1
555	420	1
555	448	1
555	449	1
556	119	1
556	129	1
556	420	1
556	449	1
556	473	1
557	119	1
557	129	1
557	354	1
557	355	1
557	449	1
557	474	1
558	119	1
558	128	1
558	353	1
558	354	1
558	450	1
558	474	1
559	119	1
559	128	1
559	132	1
559	450	1
559	474	1
560	118	1
560	127	1
560	132	1
560	440	1
560	441	1
560	442	1
560	450	1
560	451	1
560	474	1
561	118	1
561	127	1
561	131	1
561	421	1
561	437	1
561	441	1
561	443	1
561	444	1
561	451	1
561	474	1
562	118	1
562	127	1
562	131	1
562	330	1
562	421	1
562	436	1
562	441	1
562	445	1
562	451	1
562	474	1
563	118	1
563	126	1
563	130	1
563	330	1
563	422	1
563	423	1
563	424	1
563	425	1
563	426	1
563	427	1
563	441	1
563	451	1
564	118	1
564	126	1
564	130	1
564	298	1
564	299	1
564	330	1
564	356	1
564	357	1
564	358	1
564	359	1
564	360	1
564	430	1
564	440	1
564	441	1
564	446	1
564	451	1
564	452	1
565	118	1
565	130	1
565	297	1
565	298	1
565	299	1
565	300	1
565	301	1
565	329	1
565	431	1
565	432	1
565	433	1
565	438	1
565	439	1
565	440	1
565	452	1
566	118	1
566	129	1
566	302	1
566	327	1
566	328	1
566	329	1
566	432	1
566	434	1
566	435	1
566	436	1
566	437	1
566	451	1
567	118	1
567	129	1
567	432	1
567	451	1
567	462	1
568	129	1
568	284	1
568	431	1
568	462	1
569	128	1
569	299	1
569	300	1
569	301	1
569	431	1
569	462	1
570	107	1
570	128	1
570	302	1
570	303	1
570	304	1
570	305	1
570	306	1
570	307	1
570	308	1
570	463	1
571	107	1
571	128	1
571	309	1
571	310	1
571	311	1
571	335	1
571	463	1
572	106	1
572	322	1
572	336	1
572	463	1
573	292	1
573	293	1
573	321	1
573	323	1
573	324	1
573	325	1
573	326	1
573	357	1
573	358	1
573	359	1
573	360	1
573	414	1
573	415	1
573	416	1
573	417	1
573	418	1
573	419	1
573	420	1
573	421	1
573	422	1
573	463	1
574	328	1
574	329	1
574	334	1
574	356	1
574	361	1
574	413	1
574	423	1
574	424	1
574	463	1
575	306	1
575	307	1
575	308	1
575	309	1
575	355	1
575	425	1
575	426	1
575	463	1
576	309	1
576	310	1
576	311	1
576	312	1
576	313	1
576	314	1
576	315	1
576	316	1
576	317	1
576	318	1
576	319	1
576	354	1
576	355	1
576	427	1
576	428	1
576	463	1
577	320	1
577	321	1
577	322	1
577	323	1
577	324	1
577	325	1
577	326	1
577	327	1
577	354	1
577	428	1
577	464	1
578	289	1
578	328	1
578	330	1
578	331	1
578	355	1
578	464	1
579	331	1
579	355	1
579	356	1
579	357	1
579	358	1
579	465	1
580	358	1
580	359	1
580	360	1
580	361	1
580	465	1
581	362	1
581	363	1
581	364	1
581	365	1
581	466	1
582	415	1
582	416	1
582	431	1
582	466	1
583	330	1
583	331	1
583	416	1
583	423	1
583	424	1
583	425	1
583	426	1
583	427	1
583	428	1
583	429	1
583	430	1
583	431	1
583	466	1
584	331	1
584	416	1
584	431	1
584	466	1
585	332	1
585	333	1
585	417	1
585	466	1
586	332	1
586	417	1
586	466	1
587	209	1
587	332	1
587	466	1
588	332	1
588	416	1
588	420	1
588	421	1
588	422	1
588	423	1
588	466	1
589	332	1
589	333	1
589	419	1
589	420	1
589	427	1
589	428	1
589	429	1
589	430	1
589	431	1
589	466	1
590	208	1
590	332	1
590	418	1
590	466	1
591	208	1
591	331	1
591	418	1
591	467	1
592	120	1
592	208	1
592	331	1
592	359	1
592	360	1
592	361	1
592	362	1
592	363	1
592	364	1
592	365	1
592	417	1
592	467	1
593	208	1
593	332	1
593	358	1
593	366	1
593	367	1
593	368	1
593	369	1
593	370	1
593	371	1
593	418	1
593	467	1
594	208	1
594	332	1
594	358	1
594	418	1
594	467	1
595	201	1
595	208	1
595	332	1
595	358	1
595	467	1
596	195	1
596	202	1
596	208	1
596	332	1
596	358	1
596	393	1
596	467	1
597	104	1
597	207	1
597	332	1
597	359	1
597	467	1
598	104	1
598	204	1
598	205	1
598	206	1
598	207	1
598	332	1
598	359	1
598	467	1
599	104	1
599	195	1
599	196	1
599	206	1
599	209	1
599	210	1
599	332	1
599	359	1
599	423	1
599	424	1
599	467	1
600	104	1
600	113	1
600	173	1
600	206	1
600	332	1
600	359	1
600	425	1
600	426	1
600	467	1
601	112	1
601	170	1
601	171	1
601	172	1
601	195	1
601	205	1
601	427	1
601	428	1
601	429	1
601	430	1
601	431	1
601	432	1
601	433	1
601	467	1
602	103	1
602	112	1
602	165	1
602	166	1
602	167	1
602	168	1
602	169	1
602	191	1
602	192	1
602	194	1
602	204	1
602	368	1
602	369	1
602	370	1
602	371	1
602	372	1
602	373	1
602	434	1
602	435	1
602	436	1
602	437	1
602	468	1
603	103	1
603	112	1
603	161	1
603	162	1
603	163	1
603	164	1
603	205	1
603	332	1
603	349	1
603	350	1
603	351	1
603	374	1
603	375	1
603	376	1
603	377	1
603	378	1
603	379	1
603	380	1
603	438	1
603	468	1
604	102	1
604	112	1
604	158	1
604	159	1
604	160	1
604	161	1
604	205	1
604	332	1
604	348	1
604	349	1
604	350	1
604	351	1
604	352	1
604	381	1
604	382	1
604	383	1
604	384	1
604	385	1
604	386	1
604	387	1
604	388	1
604	438	1
604	439	1
604	468	1
605	102	1
605	112	1
605	155	1
605	156	1
605	157	1
605	203	1
605	204	1
605	333	1
605	349	1
605	389	1
605	390	1
605	391	1
605	392	1
605	393	1
605	394	1
605	439	1
605	468	1
606	103	1
606	112	1
606	151	1
606	152	1
606	153	1
606	154	1
606	198	1
606	333	1
606	348	1
606	395	1
606	396	1
606	397	1
606	398	1
606	399	1
606	400	1
606	401	1
606	402	1
606	468	1
607	103	1
607	112	1
607	149	1
607	150	1
607	151	1
607	198	1
607	207	1
607	333	1
607	348	1
607	359	1
607	440	1
607	468	1
608	103	1
608	112	1
608	146	1
608	147	1
608	206	1
608	333	1
608	348	1
608	360	1
608	361	1
608	362	1
608	363	1
608	364	1
608	365	1
608	366	1
608	367	1
608	368	1
608	440	1
608	468	1
609	103	1
609	112	1
609	144	1
609	205	1
609	333	1
609	348	1
609	369	1
609	370	1
609	371	1
609	424	1
609	425	1
609	426	1
609	427	1
609	428	1
609	450	1
609	452	1
609	468	1
610	112	1
610	202	1
610	203	1
610	204	1
610	290	1
610	333	1
610	348	1
610	429	1
610	430	1
610	431	1
610	432	1
610	433	1
610	434	1
610	435	1
610	436	1
610	437	1
610	468	1
611	102	1
611	111	1
611	195	1
611	196	1
611	202	1
611	288	1
611	289	1
611	290	1
611	291	1
611	292	1
611	293	1
611	348	1
611	349	1
611	468	1
611	469	1
612	102	1
612	111	1
612	197	1
612	198	1
612	199	1
612	200	1
612	288	1
612	349	1
612	469	1
613	101	1
613	111	1
613	289	1
613	350	1
614	111	1
614	289	1
614	290	1
614	291	1
614	292	1
614	293	1
614	294	1
614	295	1
614	350	1
614	351	1
614	451	1
615	111	1
615	126	1
615	285	1
615	296	1
615	301	1
615	302	1
615	351	1
615	352	1
615	354	1
615	357	1
615	450	1
616	101	1
616	111	1
616	126	1
616	285	1
616	303	1
616	304	1
616	305	1
616	306	1
616	307	1
616	308	1
616	309	1
616	332	1
616	354	1
616	355	1
616	356	1
616	357	1
616	358	1
616	450	1
617	101	1
617	111	1
617	126	1
617	135	1
617	136	1
617	137	1
617	138	1
617	140	1
617	141	1
617	142	1
617	143	1
617	286	1
617	287	1
617	288	1
617	289	1
617	290	1
617	310	1
617	311	1
617	312	1
617	313	1
617	314	1
617	315	1
617	316	1
617	317	1
617	332	1
617	333	1
617	357	1
617	358	1
617	359	1
617	364	1
617	368	1
617	369	1
617	370	1
617	450	1
618	101	1
618	111	1
618	126	1
618	135	1
618	286	1
618	291	1
618	292	1
618	293	1
618	294	1
618	295	1
618	296	1
618	297	1
618	318	1
618	319	1
618	320	1
618	321	1
618	322	1
618	323	1
618	333	1
618	373	1
618	374	1
618	375	1
618	451	1
619	111	1
619	125	1
619	134	1
619	135	1
619	147	1
619	150	1
619	298	1
619	299	1
619	300	1
619	301	1
619	302	1
619	303	1
619	304	1
619	330	1
619	331	1
619	333	1
619	354	1
619	355	1
619	376	1
619	377	1
619	378	1
619	379	1
619	451	1
620	102	1
620	111	1
620	125	1
620	134	1
620	153	1
620	154	1
620	157	1
620	192	1
620	305	1
620	306	1
620	307	1
620	308	1
620	309	1
620	310	1
620	311	1
620	312	1
620	333	1
620	356	1
620	357	1
620	380	1
620	381	1
620	382	1
620	383	1
620	384	1
620	452	1
621	101	1
621	134	1
621	158	1
621	159	1
621	160	1
621	161	1
621	162	1
621	163	1
621	164	1
621	165	1
621	166	1
621	192	1
621	193	1
621	313	1
621	314	1
621	315	1
621	316	1
621	317	1
621	318	1
621	358	1
621	359	1
621	360	1
621	361	1
621	385	1
621	386	1
621	387	1
621	388	1
621	389	1
621	390	1
621	391	1
621	392	1
621	452	1
621	453	1
622	99	1
622	100	1
622	134	1
622	167	1
622	168	1
622	169	1
622	170	1
622	171	1
622	172	1
622	173	1
622	174	1
622	193	1
622	319	1
622	320	1
622	321	1
622	322	1
622	323	1
622	324	1
622	325	1
622	359	1
622	393	1
622	394	1
622	395	1
622	453	1
623	100	1
623	133	1
623	174	1
623	175	1
623	176	1
623	177	1
623	178	1
623	179	1
623	180	1
623	194	1
623	325	1
623	326	1
623	327	1
623	328	1
623	329	1
623	330	1
623	331	1
623	358	1
623	396	1
623	397	1
623	398	1
623	399	1
623	400	1
623	401	1
623	453	1
623	454	1
624	99	1
624	133	1
624	182	1
624	183	1
624	185	1
624	186	1
624	194	1
624	333	1
624	334	1
624	335	1
624	336	1
624	339	1
624	358	1
624	402	1
624	403	1
624	404	1
624	454	1
625	99	1
625	100	1
625	133	1
625	186	1
625	187	1
625	188	1
625	194	1
625	279	1
625	339	1
625	359	1
625	405	1
625	454	1
625	470	1
626	100	1
626	132	1
626	187	1
626	194	1
626	275	1
626	276	1
626	280	1
626	281	1
626	282	1
626	283	1
626	284	1
626	285	1
626	286	1
626	339	1
626	359	1
626	446	1
626	447	1
626	448	1
626	449	1
626	450	1
626	454	1
626	470	1
627	100	1
627	132	1
627	187	1
627	194	1
627	287	1
627	288	1
627	289	1
627	290	1
627	339	1
627	340	1
627	358	1
627	446	1
627	470	1
628	101	1
628	131	1
628	187	1
628	291	1
628	292	1
628	293	1
628	338	1
628	358	1
628	446	1
629	101	1
629	130	1
629	131	1
629	186	1
629	293	1
629	334	1
629	445	1
629	446	1
629	471	1
630	101	1
630	102	1
630	130	1
630	186	1
630	273	1
630	294	1
630	334	1
630	440	1
630	441	1
630	442	1
630	443	1
630	444	1
630	445	1
630	471	1
631	101	1
631	102	1
631	129	1
631	186	1
631	273	1
631	294	1
631	295	1
631	444	1
631	471	1
632	101	1
632	128	1
632	186	1
632	273	1
632	295	1
632	296	1
632	297	1
632	444	1
632	471	1
633	100	1
633	185	1
633	193	1
633	273	1
633	297	1
633	298	1
633	299	1
633	300	1
633	301	1
633	444	1
633	471	1
634	99	1
634	185	1
634	193	1
634	273	1
634	302	1
634	303	1
634	304	1
634	305	1
634	306	1
634	307	1
635	99	1
635	185	1
635	193	1
635	273	1
635	308	1
635	309	1
635	310	1
635	311	1
635	312	1
635	313	1
635	314	1
636	130	1
636	131	1
636	132	1
636	133	1
636	134	1
636	135	1
636	184	1
636	193	1
636	273	1
636	315	1
636	316	1
636	317	1
636	318	1
636	319	1
636	320	1
636	321	1
636	322	1
637	184	1
637	193	1
637	273	1
637	323	1
637	324	1
637	325	1
637	326	1
637	327	1
637	328	1
637	329	1
637	330	1
637	331	1
637	332	1
638	193	1
638	273	1
638	333	1
638	334	1
638	335	1
638	336	1
638	337	1
638	338	1
638	339	1
638	340	1
638	341	1
638	342	1
638	343	1
639	192	1
639	273	1
639	343	1
639	344	1
639	345	1
639	346	1
640	192	1
